# image det_index cls kpt_index u v depth_m X Y Z
0 0 0 0 3031.07 1723.60 1.7941 0.4028 0.2334 1.7941
0 0 0 1 2988.94 900.70 1.6721 0.3611 -0.0604 1.6721
0 0 0 2 1091.92 813.17 1.2792 -0.2138 -0.0688 1.2792
0 0 0 3 1138.01 1927.99 1.2921 -0.2039 0.2214 1.2921
0 0 0 4 666.76 1801.04 1.6123 -0.4079 0.2349 1.6123
0 0 0 5 1126.09 1880.58 1.2942 -0.2074 0.2094 1.2942
0 0 0 6 709.26 812.90 1.5647 -0.3824 -0.0842 1.5647
0 0 0 7 761.00 1858.91 1.4739 -0.3448 0.2320 1.4739
0 1 0 0 620.18 1737.80 1.6612 -0.4359 0.2208 1.6612
0 1 0 1 627.85 959.64 1.6187 -0.4222 -0.0392 1.6187
0 1 0 2 681.21 896.09 1.5775 -0.3945 -0.0584 1.5775
0 1 0 3 691.74 1792.59 1.5977 -0.3961 0.2301 1.5977
0 1 0 4 420.18 1682.70 1.8544 -0.5615 0.2259 1.8544
0 1 0 5 675.83 1795.36 1.6070 -0.4036 0.2323 1.6070
0 1 0 6 434.07 891.33 1.8123 -0.5437 -0.0689 1.8123
0 1 0 7 429.33 1713.42 1.8402 -0.5538 0.2356 1.8402
0 2 0 0 441.66 893.76 1.8013 -0.5376 -0.0676 1.8013
0 2 0 1 444.72 46.68 1.8254 -0.5437 -0.3808 1.8254
0 2 0 2 423.53 56.49 1.8374 -0.5551 -0.3796 1.8374
0 2 0 3 666.40 15.99 1.6225 -0.4106 -0.3485 1.6225
0 2 0 4 693.24 861.91 1.5702 -0.3889 -0.0690 1.5702
0 2 0 5 683.38 18.49 1.6033 -0.4003 -0.3436 1.6033
0 2 0 6 654.31 0.00 1.6427 -0.4197 -0.3581 1.6427
0 2 0 7 470.13 40.90 1.7989 -0.5266 -0.3773 1.7989
0 3 0 0 754.42 832.84 1.5332 -0.3608 -0.0764 1.5332
0 3 0 1 841.82 542.77 1.4477 -0.3151 -0.1569 1.4477
0 3 0 2 992.30 106.56 1.3562 -0.2540 -0.2665 1.3562
0 3 0 3 1169.71 779.90 1.2641 -0.1914 -0.0765 1.2641
0 3 0 4 1127.24 772.38 1.2620 -0.2019 -0.0783 1.2620
0 3 0 5 1080.28 128.32 1.3016 -0.2206 -0.2500 1.3016
0 3 0 6 2573.59 307.12 1.5496 0.2047 -0.2417 1.5496
0 3 0 7 2029.39 787.41 1.4184 0.0315 -0.0837 1.4184
0 4 0 0 167.76 1641.96 2.1469 -0.7595 0.2439 2.1469
0 4 0 1 170.69 938.55 2.1021 -0.7424 -0.0598 2.1021
0 4 0 2 199.13 987.39 2.0768 -0.7216 -0.0386 2.0768
0 4 0 3 373.49 937.31 1.8723 -0.5846 -0.0538 1.8723
0 4 0 4 367.62 1696.79 1.9058 -0.5973 0.2376 1.9058
0 4 0 5 370.91 900.79 1.8729 -0.5857 -0.0676 1.8729
0 4 0 6 330.29 933.39 1.9229 -0.6172 -0.0567 1.9229
0 4 0 7 145.86 900.08 2.2241 -0.7967 -0.0806 2.2241
0 5 0 0 3812.44 843.32 1.6715 0.6390 -0.0797 1.6715
0 5 0 1 3781.63 33.19 1.7267 0.6493 -0.3649 1.7267
0 5 0 2 3301.95 0.00 1.9073 0.5325 -0.4158 1.9073
0 5 0 3 3169.04 681.45 1.9294 0.4869 -0.1551 1.9294
0 5 0 4 3373.25 893.95 1.8287 0.5369 -0.0685 1.8287
0 5 0 5 3180.43 217.25 1.9381 0.4935 -0.3375 1.9381
0 5 0 6 3771.64 0.00 1.7470 0.6535 -0.3809 1.7470
0 5 0 7 3627.03 642.09 1.7352 0.5984 -0.1533 1.7352
0 6 0 0 195.89 915.87 2.0642 -0.7185 -0.0682 2.0642
0 6 0 1 175.84 187.28 2.1021 -0.7402 -0.3788 2.1021
0 6 0 2 159.70 163.90 2.4787 -0.8809 -0.4583 2.4787
0 6 0 3 365.82 61.67 2.5403 -0.7971 -0.5222 2.5403
0 6 0 4 383.55 862.50 1.8675 -0.5793 -0.0818 1.8675
0 6 0 5 374.47 77.42 2.1929 -0.6842 -0.4438 2.1929
0 6 0 6 360.31 105.38 1.9002 -0.5984 -0.3738 1.9002
0 6 0 7 209.57 112.41 2.5126 -0.8677 -0.4907 2.5126
0 7 0 0 3765.46 1803.45 1.5902 0.5928 0.2325 1.5902
0 7 0 1 3729.58 949.45 1.6886 0.6173 -0.0443 1.6886
0 7 0 2 3332.38 835.13 1.8467 0.5269 -0.0911 1.8467
0 7 0 3 3286.11 1681.75 1.8795 0.5187 0.2286 1.8795
0 7 0 4 3444.40 1750.16 1.7092 0.5264 0.2315 1.7092
0 7 0 5 3298.15 1035.15 1.8581 0.5173 -0.0166 1.8581
0 7 0 6 3671.83 850.77 1.7108 0.6054 -0.0790 1.7108
0 7 0 7 3525.58 1699.16 1.7823 0.5781 0.2230 1.7823
0 8 0 0 3826.02 1794.40 1.6179 0.6229 0.2336 1.6179
0 8 0 1 3773.53 971.56 1.6729 0.6264 -0.0365 1.6729
0 8 0 2 3370.56 865.93 1.8269 0.5354 -0.0788 1.8269
0 8 0 3 3311.68 1688.94 1.8671 0.5249 0.2298 1.8671
0 8 0 4 3440.00 1758.83 1.6861 0.5178 0.2313 1.6861
0 8 0 5 3325.05 1015.82 1.8446 0.5236 -0.0237 1.8446
0 8 0 6 3645.08 876.32 1.7194 0.5992 -0.0706 1.7194
0 8 0 7 3528.68 1699.29 1.7816 0.5790 0.2230 1.7816
0 9 0 0 92.23 1191.14 2.1688 -0.8003 0.0489 2.1688
0 9 0 1 93.01 447.88 2.3043 -0.8500 -0.2939 2.3043
0 9 0 2 69.52 487.16 2.1706 -0.8110 -0.2597 2.1706
0 9 0 3 117.90 451.85 2.3176 -0.8432 -0.2938 2.3176
0 9 0 4 99.13 1182.23 2.1734 -0.7990 0.0451 2.1734
0 9 0 5 115.03 430.15 2.3293 -0.8488 -0.3055 2.3293
0 9 0 6 171.27 481.25 2.0970 -0.7404 -0.2534 2.0970
0 9 0 7 87.82 495.09 2.1767 -0.8052 -0.2569 2.1767
