# image                    det_index   cls  kpt_index u       v         depth_m    X          Y        Z
DJI_20240504055407_0080_D   0          0    0         533.52  2770.20   6.4603     -0.4937    0.4279   6.4603
DJI_20240504055407_0080_D   0          0    1         725.91  2174.65   6.1429     -0.4078    0.2162   6.1429
DJI_20240504055407_0080_D   0          0    2         794.71  1704.62   6.6694     -0.4189    0.0713   6.6694
DJI_20240504055407_0080_D   0          0    3         1581.76  2034.27  6.7617     -0.1472    0.1885   6.7617
DJI_20240504055407_0080_D   0          0    4         1409.08  2674.25  5.7463     -0.1769    0.3519   5.7463
DJI_20240504055407_0080_D   0          0    5         1675.43  1968.97  6.8790     -0.1162    0.1684   6.8790
DJI_20240504055407_0080_D   0          0    6         1232.00  1819.22  6.5653     -0.2627    0.1094   6.5653
DJI_20240504055407_0080_D   0          0    7         704.05  2168.19   6.1519     -0.4154    0.2144   6.1519
DJI_20240504055407_0080_D   1          0    0         1763.54  1609.40  6.7289     -0.0828    0.0385   6.7289
DJI_20240504055407_0080_D   1          0    1         1710.52  722.10   5.9817     -0.0901   -0.2424   5.9817
DJI_20240504055407_0080_D   1          0    2         1512.70  388.95   6.1778     -0.1568   -0.3576   6.1778
DJI_20240504055407_0080_D   1          0    3         2476.34  412.74   6.7025      0.1666   -0.3797   6.7025
DJI_20240504055407_0080_D   1          0    4         2523.24  1267.59  7.5229      0.2054   -0.0909   7.5229
DJI_20240504055407_0080_D   1          0    5         2582.50  342.15   6.7860      0.2062   -0.4094   6.7860
DJI_20240504055407_0080_D   1          0    6         1980.10  394.80   6.2169     -0.0063   -0.3580   6.2169
DJI_20240504055407_0080_D   1          0    7         1524.81  534.45   6.0261     -0.1491   -0.3032   6.0261
