# image det_index cls kpt_index u v depth_m X Y Z
DJI_20230823160823_0063_D 0 0 0 4131.00 1986.16 1.6241 0.6619 0.0038 1.6241
DJI_20230823160823_0063_D 0 0 1 4191.91 1742.78 1.5778 0.6693 -0.1012 1.5778
DJI_20230823160823_0063_D 0 0 2 4372.96 1803.03 1.5358 0.7275 -0.0732 1.5358
DJI_20230823160823_0063_D 0 0 3 4379.54 2049.32 1.5498 0.7369 0.0304 1.5498
DJI_20230823160823_0063_D 0 0 4 4393.53 2053.92 1.5472 0.7415 0.0323 1.5472
DJI_20230823160823_0063_D 0 0 5 4447.78 1804.86 1.5190 0.7505 -0.0717 1.5190
DJI_20230823160823_0063_D 0 0 6 4197.59 1729.81 1.5743 0.6702 -0.1065 1.5743
DJI_20230823160823_0063_D 0 0 7 4129.39 1993.13 1.6252 0.6616 0.0069 1.6252
DJI_20230823160823_0063_D 1 0 0 968.27 1810.21 1.9446 -0.8880 -0.0889 1.9446
DJI_20230823160823_0063_D 1 0 1 905.19 1400.83 2.4413 -1.1569 -0.3847 2.4413
DJI_20230823160823_0063_D 1 0 2 981.01 1298.73 2.3273 -1.0547 -0.4316 2.3273
DJI_20230823160823_0063_D 1 0 3 1252.50 1595.40 1.1122 -0.4215 -0.1161 1.1122
DJI_20230823160823_0063_D 1 0 4 1239.01 1889.24 1.0576 -0.4047 -0.0255 1.0576
DJI_20230823160823_0063_D 1 0 5 1177.00 1389.26 1.0835 -0.4330 -0.1742 1.0835
DJI_20230823160823_0063_D 1 0 6 1832.94 1263.92 1.2395 -0.2732 -0.2417 1.2395
DJI_20230823160823_0063_D 1 0 7 1566.62 1415.95 1.1610 -0.3404 -0.1781 1.1610
DJI_20230823160823_0063_D 2 0 0 2358.64 1555.09 1.9190 -0.1473 -0.2215 1.9190
DJI_20230823160823_0063_D 2 0 1 2344.22 1318.47 1.8671 -0.1506 -0.3362 1.8671
DJI_20230823160823_0063_D 2 0 2 2409.11 1348.52 1.8277 -0.1151 -0.3141 1.8277
DJI_20230823160823_0063_D 2 0 3 2469.40 1596.77 1.8555 -0.0862 -0.1930 1.8555
DJI_20230823160823_0063_D 2 0 4 2485.83 1605.03 1.8473 -0.0776 -0.1880 1.8473
DJI_20230823160823_0063_D 2 0 5 2475.53 1348.63 1.7898 -0.0802 -0.3076 1.7898
DJI_20230823160823_0063_D 2 0 6 2356.69 1304.97 1.8554 -0.1434 -0.3410 1.8554
DJI_20230823160823_0063_D 2 0 7 2358.67 1538.92 1.9079 -0.1464 -0.2286 1.9079
DJI_20230823160823_0063_D 3 0 0 2651.58 1366.82 1.6972 0.0056 -0.2832 1.6972
DJI_20230823160823_0063_D 3 0 1 2639.13 1058.61 1.6489 -0.0002 -0.4140 1.6489
DJI_20230823160823_0063_D 3 0 2 2733.51 995.03 1.8505 0.0475 -0.4968 1.8505
DJI_20230823160823_0063_D 3 0 3 2988.95 1324.51 1.6036 0.1531 -0.2861 1.6036
DJI_20230823160823_0063_D 3 0 4 2935.45 1419.51 1.5916 0.1287 -0.2427 1.5916
DJI_20230823160823_0063_D 3 0 5 2920.61 1051.98 1.6496 0.1267 -0.4172 1.6496
DJI_20230823160823_0063_D 3 0 6 3376.30 988.58 2.2291 0.4488 -0.6023 2.2291
DJI_20230823160823_0063_D 3 0 7 3216.22 1243.06 1.6778 0.2644 -0.3367 1.6778
DJI_20230823160823_0063_D 4 0 0 3501.67 1585.10 2.3002 0.5419 -0.2466 2.3002
DJI_20230823160823_0063_D 4 0 1 3513.67 1393.11 2.2554 0.5387 -0.3602 2.2554
DJI_20230823160823_0063_D 4 0 2 3614.90 1422.86 2.2218 0.5922 -0.3367 2.2218
DJI_20230823160823_0063_D 4 0 3 3645.54 1626.52 2.2407 0.6160 -0.2149 2.2407
DJI_20230823160823_0063_D 4 0 4 3650.50 1634.52 2.2368 0.6179 -0.2096 2.2368
DJI_20230823160823_0063_D 4 0 5 3664.45 1424.42 2.2001 0.6162 -0.3325 2.2001
DJI_20230823160823_0063_D 4 0 6 3516.65 1377.49 2.2494 0.5391 -0.3688 2.2494
DJI_20230823160823_0063_D 4 0 7 3500.51 1578.75 2.2989 0.5409 -0.2505 2.2989
DJI_20230823160823_0063_D 5 0 0 3686.04 1423.78 2.1889 0.6260 -0.3312 2.1889
DJI_20230823160823_0063_D 5 0 1 3708.49 1171.86 2.1073 0.6156 -0.4639 2.1073
DJI_20230823160823_0063_D 5 0 2 3837.81 1203.96 2.0669 0.6768 -0.4369 2.0669
DJI_20230823160823_0063_D 5 0 3 3877.97 1438.73 2.1055 0.7125 -0.3100 2.1055
DJI_20230823160823_0063_D 5 0 4 3891.93 1451.23 2.1036 0.7199 -0.3025 2.1036
DJI_20230823160823_0063_D 5 0 5 3910.82 1198.21 2.0285 0.7047 -0.4320 2.0285
DJI_20230823160823_0063_D 5 0 6 3719.74 1156.27 2.0955 0.6185 -0.4702 2.0955
DJI_20230823160823_0063_D 5 0 7 3688.12 1416.36 2.1861 0.6264 -0.3352 2.1861
DJI_20230823160823_0063_D 6 0 0 1027.58 2207.73 1.2583 -0.5542 0.0792 1.2583
DJI_20230823160823_0063_D 6 0 1 1033.57 1750.09 1.1595 -0.5088 -0.0720 1.1595
DJI_20230823160823_0063_D 6 0 2 1288.28 1649.07 1.1213 -0.4140 -0.1006 1.1213
DJI_20230823160823_0063_D 6 0 3 1607.52 2220.46 1.0594 -0.2987 0.0703 1.0594
DJI_20230823160823_0063_D 6 0 4 1452.53 2445.77 1.0435 -0.3384 0.1335 1.0435
DJI_20230823160823_0063_D 6 0 5 1443.63 1853.81 1.0814 -0.3534 -0.0365 1.0814
DJI_20230823160823_0063_D 6 0 6 2281.51 1641.66 1.8365 -0.1796 -0.1685 1.8365
DJI_20230823160823_0063_D 6 0 7 2120.20 1969.32 1.1752 -0.1668 -0.0026 1.1752
DJI_20230823160823_0063_D 7 0 0 3678.34 1621.31 2.2262 0.6319 -0.2167 2.2262
DJI_20230823160823_0063_D 7 0 1 3695.67 1410.70 2.1794 0.6290 -0.3375 2.1794
DJI_20230823160823_0063_D 7 0 2 3807.30 1455.76 2.1401 0.6829 -0.3051 2.1401
DJI_20230823160823_0063_D 7 0 3 3844.95 1661.11 2.1520 0.7089 -0.1860 2.1520
DJI_20230823160823_0063_D 7 0 4 3859.16 1670.65 2.1468 0.7154 -0.1800 2.1468
DJI_20230823160823_0063_D 7 0 5 3872.43 1454.33 2.1130 0.7119 -0.3021 2.1130
DJI_20230823160823_0063_D 7 0 6 3700.78 1396.77 2.1724 0.6300 -0.3447 2.1724
DJI_20230823160823_0063_D 7 0 7 3681.68 1618.92 2.2244 0.6335 -0.2179 2.2244
DJI_20230823160823_0063_D 8 0 0 3512.34 1382.61 2.2532 0.5374 -0.3663 2.2532
DJI_20230823160823_0063_D 8 0 1 3519.85 1171.35 2.1910 0.5271 -0.4826 2.1910
DJI_20230823160823_0063_D 8 0 2 3636.37 1185.24 2.1418 0.5834 -0.4637 2.1418
DJI_20230823160823_0063_D 8 0 3 3675.41 1398.76 2.1861 0.6188 -0.3457 2.1861
DJI_20230823160823_0063_D 8 0 4 3678.70 1400.29 2.1845 0.6203 -0.3445 2.1845
DJI_20230823160823_0063_D 8 0 5 3691.54 1186.26 2.1188 0.6091 -0.4581 2.1188
DJI_20230823160823_0063_D 8 0 6 3533.12 1168.85 2.1843 0.5334 -0.4827 2.1843
DJI_20230823160823_0063_D 8 0 7 3512.45 1383.79 2.2538 0.5376 -0.3656 2.2538
DJI_20230823160823_0063_D 9 0 0 3361.24 1357.73 2.2955 0.4527 -0.3888 2.2955
DJI_20230823160823_0063_D 9 0 1 3368.36 1145.36 2.2334 0.4448 -0.5078 2.2334
DJI_20230823160823_0063_D 9 0 2 3437.58 1157.19 2.2273 0.4857 -0.4992 2.2273
DJI_20230823160823_0063_D 9 0 3 3473.87 1377.02 2.2697 0.5175 -0.3724 2.2697
DJI_20230823160823_0063_D 9 0 4 3484.28 1378.74 2.2651 0.5229 -0.3706 2.2651
DJI_20230823160823_0063_D 9 0 5 3495.71 1159.54 2.2002 0.5148 -0.4918 2.2002
DJI_20230823160823_0063_D 9 0 6 3382.84 1139.12 2.2495 0.4569 -0.5153 2.2495
DJI_20230823160823_0063_D 9 0 7 3362.57 1354.86 2.3025 0.4549 -0.3917 2.3025
DJI_20230823160823_0063_D 10 0 0 2693.61 1663.18 1.7229 0.0255 -0.1480 1.7229
DJI_20230823160823_0063_D 10 0 1 2678.63 1380.60 1.6830 0.0180 -0.2745 1.6830
DJI_20230823160823_0063_D 10 0 2 2695.78 1296.33 1.6614 0.0256 -0.3092 1.6614
DJI_20230823160823_0063_D 10 0 3 3034.95 1598.19 1.6595 0.1793 -0.1720 1.6595
DJI_20230823160823_0063_D 10 0 4 3007.83 1678.42 1.6623 0.1673 -0.1359 1.6623
DJI_20230823160823_0063_D 10 0 5 2992.68 1426.75 1.6163 0.1560 -0.2432 1.6163
DJI_20230823160823_0063_D 10 0 6 3413.10 1293.67 2.2841 0.4828 -0.4268 2.2841
DJI_20230823160823_0063_D 10 0 7 3131.11 1512.29 1.6921 0.2273 -0.2151 1.6921
DJI_20230823160823_0063_D 11 0 0 674.83 1487.54 2.3791 -1.2772 -0.3185 2.3791
DJI_20230823160823_0063_D 11 0 1 607.38 1293.36 2.3122 -1.2839 -0.4322 2.3122
DJI_20230823160823_0063_D 11 0 2 799.90 1261.01 2.3326 -1.1725 -0.4567 2.3326
DJI_20230823160823_0063_D 11 0 3 853.78 1476.54 2.4529 -1.1969 -0.3358 2.4529
DJI_20230823160823_0063_D 11 0 4 810.05 1496.69 2.4344 -1.2170 -0.3198 2.4344
DJI_20230823160823_0063_D 11 0 5 748.87 1270.83 2.3341 -1.2058 -0.4507 2.3341
DJI_20230823160823_0063_D 11 0 6 602.75 1301.45 2.3161 -1.2890 -0.4278 2.3161
DJI_20230823160823_0063_D 11 0 7 648.96 1467.53 2.3603 -1.2838 -0.3289 2.3603
DJI_20230823160823_0063_D 12 0 0 3877.90 1698.60 2.1423 0.7249 -0.1633 2.1423
DJI_20230823160823_0063_D 12 0 1 3907.03 1457.96 2.0992 0.7270 -0.2980 2.0992
DJI_20230823160823_0063_D 12 0 2 4024.17 1478.52 2.0568 0.7782 -0.2804 2.0568
DJI_20230823160823_0063_D 12 0 3 4049.17 1714.83 2.0750 0.7993 -0.1489 2.0750
DJI_20230823160823_0063_D 12 0 4 4059.44 1729.60 2.0765 0.8057 -0.1407 2.0765
DJI_20230823160823_0063_D 12 0 5 4083.89 1471.20 2.0288 0.8007 -0.2807 2.0288
DJI_20230823160823_0063_D 12 0 6 3909.35 1446.23 2.0931 0.7263 -0.3038 2.0931
DJI_20230823160823_0063_D 12 0 7 3880.76 1691.45 2.1416 0.7264 -0.1674 2.1416
DJI_20230823160823_0063_D 13 0 0 3893.21 1454.27 2.1033 0.7205 -0.3007 2.1033
DJI_20230823160823_0063_D 13 0 1 3915.77 1208.12 2.0322 0.7087 -0.4272 2.0322
DJI_20230823160823_0063_D 13 0 2 4059.25 1252.00 1.9866 0.7707 -0.3938 1.9866
DJI_20230823160823_0063_D 13 0 3 4087.85 1456.63 2.0212 0.7999 -0.2877 2.0212
DJI_20230823160823_0063_D 13 0 4 4100.27 1462.36 2.0189 0.8058 -0.2842 2.0189
DJI_20230823160823_0063_D 13 0 5 4123.64 1253.91 1.9631 0.7961 -0.3881 1.9631
DJI_20230823160823_0063_D 13 0 6 3930.04 1190.96 2.0151 0.7106 -0.4331 2.0151
DJI_20230823160823_0063_D 13 0 7 3899.17 1457.72 2.1026 0.7237 -0.2986 2.1026
DJI_20230823160823_0063_D 14 0 0 1065.40 2567.77 1.2106 -0.5207 0.1953 1.2106
DJI_20230823160823_0063_D 14 0 1 1052.39 2112.93 1.2249 -0.5312 0.0453 1.2249
DJI_20230823160823_0063_D 14 0 2 1309.82 1998.59 1.0271 -0.3732 0.0059 1.0271
DJI_20230823160823_0063_D 14 0 3 1622.95 2693.76 1.1099 -0.3083 0.2172 1.1099
DJI_20230823160823_0063_D 14 0 4 1528.29 2932.13 1.0219 -0.3103 0.2666 1.0219
DJI_20230823160823_0063_D 14 0 5 1456.71 2365.64 1.0398 -0.3360 0.1103 1.0398
DJI_20230823160823_0063_D 14 0 6 2265.06 1914.41 1.2254 -0.1254 -0.0211 1.2254
DJI_20230823160823_0063_D 14 0 7 2221.67 2256.55 1.2204 -0.1393 0.0931 1.2204
DJI_20230823160823_0063_D 15 0 0 2535.24 1606.63 1.8122 -0.0516 -0.1837 1.8122
DJI_20230823160823_0063_D 15 0 1 2521.35 1338.91 1.7639 -0.0569 -0.3078 1.7639
DJI_20230823160823_0063_D 15 0 2 2596.13 1372.03 1.7267 -0.0205 -0.2857 1.7267
DJI_20230823160823_0063_D 15 0 3 2671.83 1638.77 1.7295 0.0153 -0.1601 1.7295
DJI_20230823160823_0063_D 15 0 4 2689.14 1647.19 1.7225 0.0234 -0.1555 1.7225
DJI_20230823160823_0063_D 15 0 5 2675.59 1369.90 1.6842 0.0166 -0.2796 1.6842
DJI_20230823160823_0063_D 15 0 6 2534.52 1324.78 1.7526 -0.0503 -0.3126 1.7526
DJI_20230823160823_0063_D 15 0 7 2536.39 1596.20 1.8095 -0.0510 -0.1885 1.8095
DJI_20230823160823_0063_D 16 0 0 937.40 1325.35 1.1555 -0.5374 -0.2059 1.1555
DJI_20230823160823_0063_D 16 0 1 894.70 1084.31 2.2548 -1.0750 -0.5503 2.2548
DJI_20230823160823_0063_D 16 0 2 453.89 1105.72 2.3022 -1.3749 -0.5484 2.3022
DJI_20230823160823_0063_D 16 0 3 517.97 1330.64 2.4229 -1.4046 -0.4283 2.4229
DJI_20230823160823_0063_D 16 0 4 504.38 1344.91 2.4573 -1.4336 -0.4248 2.4573
DJI_20230823160823_0063_D 16 0 5 517.30 1292.15 2.3952 -1.3889 -0.4486 2.3952
DJI_20230823160823_0063_D 16 0 6 623.02 1007.89 2.4967 -1.3757 -0.6615 2.4967
DJI_20230823160823_0063_D 16 0 7 536.21 1243.68 2.3030 -1.3236 -0.4618 2.3030
DJI_20230823160823_0063_D 17 0 0 508.34 1303.81 2.4222 -1.4105 -0.4459 2.4222
DJI_20230823160823_0063_D 17 0 1 508.20 1289.92 2.4098 -1.4034 -0.4527 2.4098
DJI_20230823160823_0063_D 17 0 2 538.92 1330.24 2.3832 -1.3679 -0.4215 2.3832
DJI_20230823160823_0063_D 17 0 3 571.16 1307.76 2.3245 -1.3137 -0.4254 2.3245
DJI_20230823160823_0063_D 17 0 4 562.90 1316.18 2.3399 -1.3277 -0.4228 2.3399
DJI_20230823160823_0063_D 17 0 5 560.13 1333.11 2.3515 -1.3361 -0.4140 2.3515
DJI_20230823160823_0063_D 17 0 6 518.25 1292.13 2.3932 -1.3872 -0.4482 2.3932
DJI_20230823160823_0063_D 17 0 7 493.28 1287.44 2.4348 -1.4279 -0.4591 2.4348
DJI_20230823160823_0063_D 18 0 0 4468.15 1772.63 1.5097 0.7544 -0.0845 1.5097
DJI_20230823160823_0063_D 18 0 1 4591.00 1459.67 1.4662 0.7818 -0.2075 1.4662
DJI_20230823160823_0063_D 18 0 2 4720.93 1365.47 1.6309 0.9275 -0.2727 1.6309
DJI_20230823160823_0063_D 18 0 3 4999.11 1682.26 1.5432 0.9950 -0.1245 1.5432
DJI_20230823160823_0063_D 18 0 4 4806.31 1884.87 1.4231 0.8426 -0.0360 1.4231
DJI_20230823160823_0063_D 18 0 5 4961.67 1506.28 1.3981 0.8871 -0.1800 1.3981
DJI_20230823160823_0063_D 18 0 6 5270.16 1379.65 2.9285 2.1051 -0.4784 2.9285
DJI_20230823160823_0063_D 18 0 7 4986.58 1656.44 1.5149 0.9715 -0.1329 1.5149
DJI_20230823160823_0063_D 19 0 0 4106.68 1491.93 2.0301 0.8139 -0.2693 2.0301
DJI_20230823160823_0063_D 19 0 1 4135.06 1307.35 1.9699 0.8050 -0.3607 1.9699
DJI_20230823160823_0063_D 19 0 2 4307.91 1297.83 1.8899 0.8616 -0.3510 1.8899
DJI_20230823160823_0063_D 19 0 3 4294.46 1435.09 1.5163 0.6857 -0.2247 1.5163
DJI_20230823160823_0063_D 19 0 4 4304.61 1440.43 1.5121 0.6880 -0.2219 1.5121
DJI_20230823160823_0063_D 19 0 5 4343.67 1298.55 1.8770 0.8740 -0.3482 1.8770
DJI_20230823160823_0063_D 19 0 6 4150.69 1288.71 1.9579 0.8085 -0.3685 1.9579
DJI_20230823160823_0063_D 19 0 7 4113.40 1498.95 2.0287 0.8170 -0.2653 2.0287
DJI_20230823160823_0063_D 20 0 0 2394.55 1338.60 1.8335 -0.1227 -0.3201 1.8335
DJI_20230823160823_0063_D 20 0 1 2408.11 1011.63 2.5401 -0.1606 -0.6704 2.5401
DJI_20230823160823_0063_D 20 0 2 2599.27 1057.06 1.6494 -0.0181 -0.4148 1.6494
DJI_20230823160823_0063_D 20 0 3 2658.10 1372.13 1.6953 0.0086 -0.2804 1.6953
DJI_20230823160823_0063_D 20 0 4 2686.89 1374.36 1.6801 0.0218 -0.2769 1.6801
DJI_20230823160823_0063_D 20 0 5 2705.19 1052.90 1.6683 0.0299 -0.4215 1.6683
DJI_20230823160823_0063_D 20 0 6 2425.84 987.73 4.2995 -0.2510 -1.1628 4.2995
DJI_20230823160823_0063_D 20 0 7 2402.13 1341.47 1.8299 -0.1187 -0.3180 1.8299
DJI_20230823160823_0063_D 21 0 0 2719.44 1944.54 1.7376 0.0380 -0.0157 1.7376
DJI_20230823160823_0063_D 21 0 1 2712.47 1675.19 1.7129 0.0342 -0.1415 1.7129
DJI_20230823160823_0063_D 21 0 2 2811.81 1730.51 1.6629 0.0783 -0.1122 1.6629
DJI_20230823160823_0063_D 21 0 3 2871.18 1989.36 1.6604 0.1051 0.0054 1.6604
DJI_20230823160823_0063_D 21 0 4 2882.38 2008.96 1.6553 0.1099 0.0142 1.6553
DJI_20230823160823_0063_D 21 0 5 2870.55 1720.01 1.6341 0.1032 -0.1150 1.6341
DJI_20230823160823_0063_D 21 0 6 2714.31 1667.38 1.7106 0.0350 -0.1450 1.7106
DJI_20230823160823_0063_D 21 0 7 2719.00 1928.05 1.7345 0.0377 -0.0234 1.7345
DJI_20230823160823_0063_D 22 0 0 3346.59 1540.54 2.2717 0.4389 -0.2712 2.2717
DJI_20230823160823_0063_D 22 0 1 3353.76 1358.72 2.1757 0.4246 -0.3679 2.1757
DJI_20230823160823_0063_D 22 0 2 3438.10 1378.62 2.2840 0.4984 -0.3738 2.2840
DJI_20230823160823_0063_D 22 0 3 3475.51 1571.82 2.3129 0.5284 -0.2564 2.3129
DJI_20230823160823_0063_D 22 0 4 3481.52 1575.32 2.3099 0.5315 -0.2538 2.3099
DJI_20230823160823_0063_D 22 0 5 3488.90 1378.51 2.2628 0.5252 -0.3704 2.2628
DJI_20230823160823_0063_D 22 0 6 3363.45 1353.54 2.3025 0.4555 -0.3926 2.3025
DJI_20230823160823_0063_D 22 0 7 3343.60 1539.37 2.1638 0.4163 -0.2590 2.1638
DJI_20230823160823_0063_D 23 0 0 2965.17 2086.43 1.5708 0.1398 0.0468 1.5708
DJI_20230823160823_0063_D 23 0 1 2977.15 1742.78 1.5976 0.1474 -0.1025 1.5976
DJI_20230823160823_0063_D 23 0 2 3036.57 1618.56 1.6646 0.1806 -0.1633 1.6646
DJI_20230823160823_0063_D 23 0 3 3398.03 1896.29 1.6839 0.3490 -0.0374 1.6839
DJI_20230823160823_0063_D 23 0 4 3353.79 2033.80 1.6192 0.3160 0.0249 1.6192
DJI_20230823160823_0063_D 23 0 5 3394.41 1739.66 1.6607 0.3426 -0.1079 1.6607
DJI_20230823160823_0063_D 23 0 6 3541.43 1624.60 2.2733 0.5603 -0.2192 2.2733
DJI_20230823160823_0063_D 23 0 7 3233.96 1898.64 1.6041 0.2606 -0.0346 1.6041
DJI_20230823160823_0063_D 24 0 0 4156.72 1730.73 1.9307 0.8004 -0.1302 1.9307
DJI_20230823160823_0063_D 24 0 1 4196.55 1450.94 1.9523 0.8306 -0.2809 1.9523
DJI_20230823160823_0063_D 24 0 2 4116.54 1440.78 2.0075 0.8102 -0.2944 2.0075
DJI_20230823160823_0063_D 24 0 3 4454.85 1548.89 1.4807 0.7345 -0.1734 1.4807
DJI_20230823160823_0063_D 24 0 4 4439.93 1778.56 1.5160 0.7458 -0.0824 1.5160
DJI_20230823160823_0063_D 24 0 5 4458.65 1480.18 1.4720 0.7317 -0.2000 1.4720
DJI_20230823160823_0063_D 24 0 6 4718.59 1420.28 1.5228 0.8651 -0.2319 1.5228
DJI_20230823160823_0063_D 24 0 7 4236.89 1511.12 1.5375 0.6711 -0.1959 1.5375
DJI_20230823160823_0063_D 25 0 0 2386.61 1863.28 1.8738 -0.1295 -0.0585 1.8738
DJI_20230823160823_0063_D 25 0 1 2364.65 1588.99 1.9275 -0.1448 -0.2046 1.9275
DJI_20230823160823_0063_D 25 0 2 2441.57 1605.99 1.8750 -0.1014 -0.1903 1.8750
DJI_20230823160823_0063_D 25 0 3 2493.50 1880.35 1.8498 -0.0738 -0.0491 1.8498
DJI_20230823160823_0063_D 25 0 4 2499.46 1887.08 1.8383 -0.0703 -0.0454 1.8383
DJI_20230823160823_0063_D 25 0 5 2487.94 1597.80 1.8440 -0.0764 -0.1913 1.8440
DJI_20230823160823_0063_D 25 0 6 2368.89 1584.27 1.9217 -0.1421 -0.2065 1.9217
DJI_20230823160823_0063_D 25 0 7 2377.77 1856.67 1.7991 -0.1287 -0.0594 1.7991
DJI_20230823160823_0063_D 26 0 0 395.86 1187.82 2.4845 -1.5232 -0.5361 2.4845
DJI_20230823160823_0063_D 26 0 1 361.37 1119.81 4.2132 -2.6227 -0.9874 4.2132
DJI_20230823160823_0063_D 26 0 2 408.00 1213.22 2.5106 -1.5308 -0.5243 2.5106
DJI_20230823160823_0063_D 26 0 3 503.68 1253.96 2.3760 -1.3867 -0.4697 2.3760
DJI_20230823160823_0063_D 26 0 4 497.98 1271.71 2.4125 -1.4117 -0.4653 2.4125
DJI_20230823160823_0063_D 26 0 5 429.50 1197.43 2.4264 -1.4652 -0.5172 2.4264
DJI_20230823160823_0063_D 26 0 6 360.85 1123.04 4.1987 -2.6142 -0.9803 4.1987
DJI_20230823160823_0063_D 26 0 7 369.78 1166.28 3.9519 -2.4510 -0.8760 3.9519
DJI_20230823160823_0063_D 27 0 0 2285.54 1939.77 1.2397 -0.1199 -0.0128 1.2397
DJI_20230823160823_0063_D 27 0 1 2253.98 1658.57 1.8007 -0.1897 -0.1569 1.8007
DJI_20230823160823_0063_D 27 0 2 2310.12 1641.79 1.8376 -0.1654 -0.1686 1.8376
DJI_20230823160823_0063_D 27 0 3 2345.80 1931.33 1.7764 -0.1426 -0.0224 1.7764
DJI_20230823160823_0063_D 27 0 4 2333.58 1932.12 1.7734 -0.1482 -0.0220 1.7734
DJI_20230823160823_0063_D 27 0 5 2322.39 1646.37 1.8243 -0.1581 -0.1651 1.8243
DJI_20230823160823_0063_D 27 0 6 2260.64 1656.49 1.8075 -0.1871 -0.1585 1.8075
DJI_20230823160823_0063_D 27 0 7 2275.78 1932.29 1.2303 -0.1223 -0.0152 1.2303
DJI_20230823160823_0063_D 28 0 0 616.65 879.75 4.3289 -2.3927 -1.2985 4.3289
DJI_20230823160823_0063_D 28 0 1 642.80 830.74 4.2090 -2.2964 -1.3189 4.2090
DJI_20230823160823_0063_D 28 0 2 903.76 809.30 4.1401 -1.9636 -1.3215 4.1401
DJI_20230823160823_0063_D 28 0 3 907.45 859.05 4.1163 -1.9481 -1.2580 4.1163
DJI_20230823160823_0063_D 28 0 4 907.95 864.43 4.1188 -1.9488 -1.2527 4.1188
DJI_20230823160823_0063_D 28 0 5 933.46 814.27 4.1554 -1.9371 -1.3208 4.1554
DJI_20230823160823_0063_D 28 0 6 655.23 831.36 4.1795 -2.2661 -1.3089 4.1795
DJI_20230823160823_0063_D 28 0 7 627.43 895.90 4.3165 -2.3732 -1.2757 4.3165
DJI_20230823160823_0063_D 29 0 0 2368.87 1771.12 1.8148 -0.1342 -0.1023 1.8148
DJI_20230823160823_0063_D 29 0 1 2355.24 1484.45 1.9053 -0.1480 -0.2567 1.9053
DJI_20230823160823_0063_D 29 0 2 2440.77 1515.61 1.8538 -0.1007 -0.2340 1.8538
DJI_20230823160823_0063_D 29 0 3 2484.76 1797.42 1.8759 -0.0793 -0.0923 1.8759
DJI_20230823160823_0063_D 29 0 4 2497.90 1802.57 1.8679 -0.0723 -0.0893 1.8679
DJI_20230823160823_0063_D 29 0 5 2490.77 1513.21 1.8189 -0.0739 -0.2308 1.8189
DJI_20230823160823_0063_D 29 0 6 2362.03 1479.43 1.8973 -0.1439 -0.2582 1.8973
DJI_20230823160823_0063_D 29 0 7 2361.99 1771.28 1.8105 -0.1373 -0.1020 1.8105
DJI_20230823160823_0063_D 30 0 0 2498.08 1855.57 1.8663 -0.0721 -0.0622 1.8663
DJI_20230823160823_0063_D 30 0 1 2503.98 1600.97 1.8329 -0.0679 -0.1886 1.8329
DJI_20230823160823_0063_D 30 0 2 2605.77 1659.55 1.7737 -0.0163 -0.1541 1.7737
DJI_20230823160823_0063_D 30 0 3 2663.39 1918.52 1.7650 0.0115 -0.0284 1.7650
DJI_20230823160823_0063_D 30 0 4 2678.44 1921.67 1.7589 0.0187 -0.0268 1.7589
DJI_20230823160823_0063_D 30 0 5 2680.05 1657.86 1.7289 0.0192 -0.1510 1.7289
DJI_20230823160823_0063_D 30 0 6 2515.51 1600.67 1.8245 -0.0618 -0.1879 1.8245
DJI_20230823160823_0063_D 30 0 7 2498.83 1853.18 1.8654 -0.0717 -0.0634 1.8654
DJI_20230823160823_0063_D 31 0 0 2314.66 1963.25 1.7302 -0.1536 -0.0067 1.7302
DJI_20230823160823_0063_D 31 0 1 2307.32 1687.35 1.7640 -0.1601 -0.1399 1.7640
DJI_20230823160823_0063_D 31 0 2 2344.40 1656.41 1.7910 -0.1444 -0.1571 1.7910
DJI_20230823160823_0063_D 31 0 3 2363.03 1904.61 1.7926 -0.1354 -0.0357 1.7926
DJI_20230823160823_0063_D 31 0 4 2361.24 1916.51 1.7888 -0.1360 -0.0298 1.7888
DJI_20230823160823_0063_D 31 0 5 2347.65 1649.24 1.7992 -0.1435 -0.1614 1.7992
DJI_20230823160823_0063_D 31 0 6 2301.98 1681.14 1.7628 -0.1626 -0.1427 1.7628
DJI_20230823160823_0063_D 31 0 7 2306.76 1955.62 1.7364 -0.1579 -0.0104 1.7364
DJI_20230823160823_0063_D 32 0 0 4439.34 2103.48 1.5376 0.7562 0.0529 1.5376
DJI_20230823160823_0063_D 32 0 1 4514.45 1823.56 1.4994 0.7682 -0.0631 1.4994
DJI_20230823160823_0063_D 32 0 2 4559.74 1723.84 1.4732 0.7730 -0.1021 1.4732
DJI_20230823160823_0063_D 32 0 3 4853.95 1954.16 1.4834 0.8976 -0.0095 1.4834
DJI_20230823160823_0063_D 32 0 4 4748.94 2147.11 1.4531 0.8376 0.0673 1.4531
DJI_20230823160823_0063_D 32 0 5 4846.30 1865.77 1.4393 0.8679 -0.0439 1.4393
DJI_20230823160823_0063_D 32 0 6 4973.88 1711.61 1.5236 0.9718 -0.1107 1.5236
DJI_20230823160823_0063_D 32 0 7 4722.39 1932.63 1.4450 0.8224 -0.0177 1.4450
DJI_20230823160823_0063_D 33 0 0 622.94 813.09 4.2309 -2.3313 -1.3461 4.2309
DJI_20230823160823_0063_D 33 0 1 613.23 773.67 4.2373 -2.3461 -1.3938 4.2373
DJI_20230823160823_0063_D 33 0 2 970.88 773.97 4.1948 -1.9126 -1.3795 4.1948
DJI_20230823160823_0063_D 33 0 3 996.05 787.15 4.2203 -1.8952 -1.3727 4.2203
DJI_20230823160823_0063_D 33 0 4 972.23 787.50 4.1956 -1.9114 -1.3643 4.1956
DJI_20230823160823_0063_D 33 0 5 975.87 795.62 4.2001 -1.9093 -1.3564 4.2001
DJI_20230823160823_0063_D 33 0 6 637.93 754.00 4.1812 -2.2868 -1.3978 4.1812
DJI_20230823160823_0063_D 33 0 7 621.99 815.80 4.2384 -2.3366 -1.3454 4.2384
DJI_20230823160823_0063_D 34 0 0 4059.80 1704.75 2.0702 0.8034 -0.1543 2.0702
DJI_20230823160823_0063_D 34 0 1 4077.51 1499.63 2.0423 0.8025 -0.2667 2.0423
DJI_20230823160823_0063_D 34 0 2 4137.26 1522.18 2.0275 0.8298 -0.2522 2.0275
DJI_20230823160823_0063_D 34 0 3 4137.57 1721.36 2.0417 0.8358 -0.1429 2.0417
DJI_20230823160823_0063_D 34 0 4 4139.23 1726.42 2.0438 0.8375 -0.1402 2.0438
DJI_20230823160823_0063_D 34 0 5 4161.25 1521.11 2.0176 0.8390 -0.2516 2.0176
DJI_20230823160823_0063_D 34 0 6 4075.21 1499.48 2.0433 0.8016 -0.2669 2.0433
DJI_20230823160823_0063_D 34 0 7 4055.56 1706.73 2.0719 0.8017 -0.1533 2.0719
DJI_20230823160823_0063_D 35 0 0 612.84 917.10 4.3693 -2.4196 -1.2660 4.3693
DJI_20230823160823_0063_D 35 0 1 653.62 835.77 4.1842 -2.2705 -1.3054 4.1842
DJI_20230823160823_0063_D 35 0 2 916.77 831.46 4.1280 -1.9432 -1.2927 4.1280
DJI_20230823160823_0063_D 35 0 3 901.55 915.78 4.1248 -1.9589 -1.1967 4.1248
DJI_20230823160823_0063_D 35 0 4 901.67 915.95 4.1248 -1.9587 -1.1965 4.1248
DJI_20230823160823_0063_D 35 0 5 942.86 841.26 4.1440 -1.9212 -1.2866 4.1440
DJI_20230823160823_0063_D 35 0 6 667.31 843.72 4.1602 -2.2419 -1.2888 4.1602
DJI_20230823160823_0063_D 35 0 7 624.74 930.99 4.3351 -2.3866 -1.2397 4.3351
